%YAML:1.0
keyPoints_selected: [ 4.50630188e+002, 2.37021820e+002, 2.45317337e+002,
    5.89454041e+001, 1.24225212e+002, 4.33876434e+002, 4.64145813e+002,
    1.26911339e+002, 4.65242950e+002, 1.30064178e+002, 4.82672974e+002,
    1.59128189e+002, 3.20405609e+002, 2.64855072e+002, 4.48072418e+002,
    2.42737671e+002, 2.90075134e+002, 1.86611267e+002, 3.15311432e+002,
    2.03342789e+002, 1.52930176e+002, 2.88266907e+002, 1.51472549e+002,
    7.92956848e+001, 3.25801758e+002, 2.13740845e+002, 1.59938965e+002,
    8.20178833e+001, 5.28839455e+001, 2.31390244e+002, 2.10007950e+002,
    2.08713211e+002, 3.01325989e+002, 1.66995087e+002, 6.84772644e+001,
    1.51010391e+002, 4.52272430e+002, 1.28417511e+002, 2.24589478e+002,
    2.14306885e+002, 2.69870331e+002, 2.67889893e+002, 3.27210846e+002,
    2.34046265e+002, 4.51693451e+002, 1.28011078e+002, 2.21404266e+002,
    2.22373291e+002, 7.78163528e+001, 1.49401703e+002, 6.24237610e+002,
    1.90134598e+002, 9.23247452e+001, 2.80940826e+002, 4.19318298e+002,
    1.90817963e+002, 2.49343376e+001, 4.00943024e+002, 2.49343376e+001,
    4.00943024e+002, 2.17586182e+002, 1.94498825e+002, 5.15451477e+002,
    3.54820435e+002, 2.72373871e+002, 1.91732285e+002, 7.14776535e+001,
    1.79505569e+002, 6.25226685e+002, 1.86022369e+002, 3.23264343e+002,
    2.17472900e+002, 3.08597260e+002, 2.61441498e+002, 6.24237610e+002,
    1.90134598e+002, 3.28720459e+002, 2.09418289e+002, 1.72764633e+002,
    1.93348282e+002 ]
