%YAML:1.0
keyPoints_selected: [ 2.15270401e+002, 2.27933350e+002, 2.18605682e+002,
    2.19754547e+002, 1.88118622e+002, 1.53416702e+002, 2.45215576e+002,
    5.87181396e+001, 3.16735352e+002, 2.71329956e+002, 4.18394714e+002,
    1.95894821e+002, 8.31443329e+001, 2.87480804e+002, 2.39903355e+001,
    1.56825760e+002, 3.22435303e+002, 2.19008728e+002, 3.11665100e+002,
    2.08337982e+002, 3.18584930e+002, 1.75036041e+002, 4.52225311e+002,
    1.28354630e+002, 2.37604126e+002, 2.54839447e+002, 1.88118622e+002,
    1.53416702e+002, 1.54623749e+002, 2.05467728e+002, 3.06984528e+002,
    4.02014084e+001, 6.79044418e+001, 1.53333237e+002, 2.03307632e+002,
    2.14688690e+002, 4.82735291e+002, 1.58895355e+002, 1.51977386e+002,
    8.02189560e+001, 1.56355453e+002, 1.85809784e+002, 4.64123627e+002,
    1.26881340e+002, 2.00241394e+002, 1.52646194e+002, 3.19850037e+002,
    2.22822449e+002, 3.15490601e+002, 2.51586411e+002, 2.11158844e+002,
    1.96442169e+002, 3.05127411e+002, 2.67738098e+002, 4.71566376e+002,
    8.00499649e+001, 3.21761292e+002, 1.76837082e+002, 3.23887939e+002,
    2.39839767e+002, 4.50669952e+002, 2.16807693e+002, 5.34185974e+002,
    2.27908981e+002, 6.79044418e+001, 1.53333237e+002, 5.83495827e+001,
    1.55028259e+002, 2.40511589e+001, 1.29566971e+002, 6.24214905e+002,
    1.90225708e+002, 6.15426140e+001, 1.84086029e+002, 6.25138306e+002,
    1.86086945e+002, 3.21683105e+002, 1.72220764e+002, 3.19116547e+002,
    2.15583054e+002 ]
