%YAML:1.0
objPoints_selected: [ 3.79812539e-001, 6.82706738e+000, -1.05643225e+000,
    4.58092064e-001, 6.67667627e+000, -9.94072258e-001, 2.04256248e+000,
    6.31573248e+000, -2.65340596e-001, 1.04778290e+000, 1.01641378e+001,
    -1.36783373e+000, -2.08147717e+000, 5.37842226e+000,
    -1.78746533e+000, -1.97712564e+000, 2.08822393e+000,
    -1.16885662e+000, 2.81442076e-001, 2.84390044e+000, -3.74282718e-001,
    -4.05302906e+000, 2.52800012e+000, -3.99695849e+000,
    -1.02449381e+000, 4.51054668e+000, -1.19925559e+000,
    -5.80365241e-001, 4.56476545e+000, -1.02531445e+000,
    -6.13550134e-002, 4.00746632e+000, -7.12769747e-001,
    -2.83134073e-001, 8.61496067e+000, -1.64462054e+000,
    -5.22518218e-001, 6.80557775e+000, -1.40969276e+000, 2.04256248e+000,
    6.31573248e+000, -2.65340596e-001, 1.36858368e+000, 7.62936926e+000,
    -7.76794493e-001, 3.41812973e+001, 2.02946262e+001, -1.53701935e+001,
    -6.31277487e-002, 9.29805660e+000, -1.66717231e+000, 7.92552292e-001,
    6.83896160e+000, -8.69150758e-001, -5.80365241e-001, 4.56476545e+000,
    -1.02531445e+000, 2.04256248e+000, 6.31573248e+000, -2.65340596e-001,
    -1.79034901e+000, 5.59022903e+000, -1.72370291e+000, 1.36858368e+000,
    7.62936926e+000, -7.76794493e-001, 2.04256248e+000, 6.31573248e+000,
    -2.65340596e-001, -5.05318105e-001, 4.13166714e+000,
    -9.23190773e-001, -1.52586627e+000, 5.09654522e+000,
    -1.51626682e+000, 9.05081749e-001, 6.50002909e+000, -7.62105703e-001,
    -1.79034901e+000, 5.59022903e+000, -1.72370291e+000, 4.32167023e-001,
    2.03554487e+000, -1.58164084e-001, -5.05318105e-001, 4.13166714e+000,
    -9.23190773e-001, -1.47176313e+000, 4.76704359e+000,
    -1.43931127e+000, -3.10369110e+000, 4.33340359e+000,
    -3.94104052e+000, 1.36858368e+000, 7.62936926e+000, -7.76794493e-001,
    -3.52028966e+000, 2.13757014e+000, -5.47522688e+000, 4.46357727e+000,
    8.89040565e+000, 2.42513701e-001, -4.54345942e+000, 2.80442953e+000,
    -2.33620501e+000, 1.36858368e+000, 7.62936926e+000, -7.76794493e-001,
    3.15575004e+000, 9.02393436e+000, -3.10313016e-001, 1.36858368e+000,
    7.62936926e+000, -7.76794493e-001, -5.05318105e-001, 4.13166714e+000,
    -9.23190773e-001, -5.05318105e-001, 4.13166714e+000,
    -9.23190773e-001 ]
