%YAML:1.0
objPoints_cpu: [ 3.83430052e+000, 8.36169910e+000, 1.01034164e-001,
    3.22659755e+000, 8.65704823e+000, -2.15489715e-001, 3.22659755e+000,
    8.65704823e+000, -2.15489715e-001, 2.09483004e+000, 7.43186998e+000,
    -4.59832996e-001, 1.47221148e+000, 7.06453276e+000, -6.36789739e-001,
    7.68650889e-001, 1.00022507e+001, -1.45084059e+000, 1.19539082e+000,
    7.16286993e+000, -7.61707842e-001, 5.99921107e-001, 7.60576820e+000,
    -1.08772445e+000, -1.73244327e-001, 1.06573219e+001,
    -1.96790648e+000, -1.73244327e-001, 1.06573219e+001,
    -1.96790648e+000, -6.33431375e-002, 9.29794121e+000,
    -1.66760266e+000, 6.15849793e-002, 8.58477497e+000, -1.49990046e+000,
    2.16709748e-001, 6.38251877e+000, -1.04230309e+000, -3.32998961e-001,
    3.65522838e+000, -7.73409247e-001, -1.14421833e+000, 6.91486931e+000,
    -1.69435239e+000, -1.43697333e+000, 4.07830381e+000,
    -1.30434620e+000, -1.43697333e+000, 4.07830381e+000,
    -1.30434620e+000, -2.21261573e+000, 2.04724693e+000,
    -1.25159419e+000, -2.07850480e+000, 6.92668772e+000,
    -3.24615836e+000, -2.86297345e+000, 2.39732862e+000,
    -1.57720959e+000, -3.22605133e+000, 2.93868446e+000,
    -1.82584131e+000, -3.95739436e+000, 3.08274889e+000,
    -2.15690565e+000, -4.09920549e+000, 3.90398574e+000,
    -2.49098349e+000, -6.73079967e-001, 4.50403392e-001,
    -3.07910132e+000, -4.35047770e+000, 3.42837477e+000,
    -2.50041151e+000, -1.56256521e+000, 9.46208298e-001,
    -3.21941710e+000, -3.11339140e+000, 1.71806717e+000,
    -2.73114681e+000, -3.12811399e+000, 4.33378363e+000,
    -3.92171502e+000, -4.59238768e+000, 2.76220751e+000,
    -2.70186925e+000, -3.25314522e+000, 4.09479952e+000,
    -3.92229271e+000, -3.61204433e+000, 1.99024534e+000,
    -3.22414231e+000, -3.89935422e+000, 2.15870190e+000,
    -3.37301683e+000, -4.08958292e+000, 2.55723667e+000,
    -3.94493198e+000, -3.92054749e+000, 2.50026798e+000,
    -4.31927347e+000, 4.10922718e+000, 8.54193115e+000, 1.85194448e-001,
    3.37518382e+000, 9.17666626e+000, -2.34115943e-001, 2.72707248e+000,
    8.89144707e+000, -4.46685433e-001, 9.81106579e-001, 5.78936434e+000,
    -6.07757568e-001, -1.40758231e-001, 1.13583708e+001,
    -2.33462310e+000, -9.31715146e-002, 6.55503225e+000,
    -1.17961299e+000, 1.14623858e-002, 5.97736979e+000, -1.03288770e+000,
    4.31649446e-001, 2.03547788e+000, -1.59211174e-001, -6.13036379e-002,
    4.00824928e+000, -7.12714434e-001, -6.13036379e-002, 4.00824928e+000,
    -7.12714434e-001, -5.23570299e-001, 6.04967499e+000,
    -1.26798213e+000, -1.33945394e+000, 6.54937458e+000,
    -1.69355130e+000, -1.82094002e+000, 5.58842325e+000,
    -1.71780860e+000, -1.82094002e+000, 5.58842325e+000,
    -1.71780860e+000, -1.71409953e+000, 4.90414429e+000,
    -1.56820190e+000, -1.71409953e+000, 4.90414429e+000,
    -1.56820190e+000, -3.31918502e+000, 2.59511232e+000,
    -1.80204678e+000, -3.66900420e+000, 3.15523458e+000,
    -2.04028702e+000, -3.81398439e+000, 4.41568756e+000,
    -2.48948383e+000, -4.15244150e+000, 3.72883391e+000,
    -2.51056147e+000, -4.69222307e+000, 2.66686845e+000,
    -2.59698081e+000, -3.44371152e+000, 1.91369152e+000,
    -3.54061532e+000, 4.46332264e+000, 8.89092827e+000, 2.41963744e-001,
    4.30819541e-001, 2.02842402e+000, -1.65817246e-001, 4.30819541e-001,
    2.02842402e+000, -1.65817246e-001, -5.23156881e-001, 6.56965113e+000,
    -1.36398149e+000, -5.63563287e-001, 4.22424459e+000,
    -9.53549981e-001, -5.63563287e-001, 4.22424459e+000,
    -9.53549981e-001, -1.47178471e+000, 4.77116823e+000,
    -1.43961334e+000, -1.73611593e+000, 5.28590393e+000,
    -1.64247918e+000, -1.18789434e+000, 1.47646427e+000,
    -7.19222844e-001, -1.95549607e+000, 5.07778215e+000,
    -1.69822657e+000, -1.95549607e+000, 5.07778215e+000,
    -1.69822657e+000, -1.92405188e+000, 7.14768934e+000,
    -3.26865029e+000, -1.92405188e+000, 7.14768934e+000,
    -3.26865029e+000, -2.37270093e+000, 6.34842443e+000,
    -3.23704386e+000, -4.05850983e+000, 2.43383265e+000,
    -4.12326765e+000, 3.72330880e+000, 8.88386822e+000, -5.57591207e-002,
    4.27554846e-001, 6.04410219e+000, -8.91978085e-001, 2.94279575e-001,
    4.12875414e+000, -5.90204477e-001, -6.75422132e-001, 7.65919018e+000,
    -1.62787831e+000, -2.53650099e-001, 4.76987267e+000,
    -9.38764215e-001, -1.02461493e+000, 4.51453638e+000,
    -1.19975138e+000, -1.02461493e+000, 4.51453638e+000,
    -1.19975138e+000, -1.22834253e+000, 1.38931406e+000,
    -7.36483753e-001, -2.35855937e+000, 6.78639317e+000,
    -2.78629160e+000, -2.35855937e+000, 6.78639317e+000,
    -2.78629160e+000, -4.49089813e+000, 2.50673199e+000,
    -2.25789833e+000, -3.52291369e+000, 2.13467813e+000,
    -5.48037577e+000, -5.21581531e-001, 1.04419966e+001,
    -2.06933403e+000, -2.73525685e-001, 8.80056667e+000,
    -1.68041599e+000, -6.66253388e-001, 7.60586834e+000,
    -1.61112356e+000, -1.21042550e-001, 4.30326653e+000,
    -7.99533486e-001, -6.31204188e-001, 5.55833817e+000,
    -1.23986709e+000, -6.31204188e-001, 5.55833817e+000,
    -1.23986709e+000, -5.80338717e-001, 4.56472158e+000,
    -1.02525783e+000, -1.09472477e+000, 4.87611485e+000,
    -1.30475879e+000, -3.51290107e-001, 2.10742831e-001,
    -1.48516253e-001, -1.52430534e+000, 5.09700966e+000,
    -1.51312554e+000, -2.32777476e+000, 6.84777021e+000,
    -2.80567360e+000, -2.63892388e+000, 6.22765446e+000,
    -2.84099054e+000, -4.46385336e+000, 2.49254823e+000,
    -2.25779772e+000, -4.54512024e+000, 2.80257487e+000,
    -2.33946228e+000, -4.54512024e+000, 2.80257487e+000,
    -2.33946228e+000, -1.77943245e-001, 1.09727116e+001,
    -2.02530432e+000, 3.99929136e-001, 7.28816700e+000, -1.12369215e+000,
    3.99929136e-001, 7.28816700e+000, -1.12369215e+000, -2.05344915e-001,
    7.15909719e+000, -1.33842218e+000, -2.05344915e-001, 7.15909719e+000,
    -1.33842218e+000, 4.39834557e-002, 5.21356106e+000, -9.01040852e-001,
    4.39834557e-002, 5.21356106e+000, -9.01040852e-001, -1.59639195e-001,
    5.84634924e+000, -1.08521557e+000, -2.08122206e+000, 5.37991381e+000,
    -1.78704047e+000, -1.39554012e+000, 7.93795168e-001,
    -1.73387003e+000, -1.85396969e+000, 6.97126675e+000,
    -3.61627197e+000, -3.03850818e+000, 1.66606236e+000,
    -2.53384280e+000, 1.29814267e+000, 7.44983006e+000, -7.71835506e-001,
    5.90817273e-001, 7.85306740e+000, -1.15637624e+000, 4.60344404e-002,
    5.21609259e+000, -8.97033274e-001, 4.60344404e-002, 5.21609259e+000,
    -8.97033274e-001, 5.61470807e-001, 2.38466144e+000, -1.71658710e-001,
    1.95925820e+000, 7.84216833e+000, -5.95079362e-001, -5.65416038e-001,
    7.24961376e+000, -1.52030635e+000, -4.76295114e-001, 9.91962242e+000,
    -3.16051102e+000, 2.40221500e+000, 6.68221378e+000, -1.98739976e-001,
    -1.40447676e+000, 8.04098606e+000, -3.35607195e+000,
    -2.52449107e+000, 5.90917301e+000, -3.39623809e+000, 7.27681518e-001,
    1.04935284e+001, -1.55433917e+000, 1.09170616e+000, 5.17178249e+000,
    -4.58564758e-001, 1.10340923e-001, 8.87223148e+000, -1.52464855e+000,
    1.05383158e+000, 3.70098138e+000, -2.15446189e-001, 3.67842903e+001,
    -5.36113119e+000, -8.47703362e+000, 5.97211532e-003, 1.77389455e+000,
    -2.92276144e-001, 5.97211532e-003, 1.77389455e+000, -2.92276144e-001,
    -2.34884098e-001, 1.28749931e+000, -3.10452580e-001, 8.98840368e-001,
    6.50967598e+000, -7.75387228e-001, -4.77827132e-001, 9.71541309e+000,
    -1.91197300e+000, -2.50578618e+000, 6.50373888e+000,
    -2.82658648e+000, -2.73105860e-001, 1.06517763e+001,
    -2.80016279e+000, -5.21873593e-001, 5.53695583e+000,
    -1.17351222e+000, 2.85777435e+001, -1.54226631e-001,
    -2.54724045e+001, -8.84232700e-001, 3.97784066e+000,
    -1.04768598e+000, 3.77149506e+001, -9.69749212e-001,
    -6.86150789e+000, -1.52317107e+000, 6.60645008e+000,
    -1.77628744e+000, -2.89904356e-001, 9.86074734e+000,
    -3.59766984e+000, -1.74058700e+000, 7.02769184e+000,
    -3.78011179e+000, -3.14404798e+000, 3.15753794e+000,
    -1.82619762e+000, -3.14404798e+000, 3.15753794e+000,
