%YAML:1.0
keyPoints_selected: [ 3.24511963e+002, 3.50897446e+001, 3.08635437e+002,
    7.19293289e+001, 3.79028717e+002, 8.78253555e+001, 1.73276245e+002,
    1.16509499e+002, 2.89281982e+002, 1.24079308e+002, 3.92164246e+002,
    1.27420685e+002, 5.30034668e+002, 1.39291061e+002, 1.29772705e+002,
    1.42762787e+002, 7.16238556e+001, 1.49912125e+002, 1.98038330e+002,
    1.57151917e+002, 2.67129425e+002, 2.34070587e+002, 5.91831360e+002,
    3.00904053e+002, 1.47644444e+001, 3.29211426e+002, 2.36068665e+002,
    3.47980865e+002, 2.10448853e+002, 3.83305786e+002, 2.38686539e+002,
    9.99408817e+000, 2.38686539e+002, 9.99408817e+000, 2.81666077e+002,
    5.72552299e+001, 1.00690979e+002, 2.11476929e+002, 6.23910400e+002,
    2.58241577e+002, 1.26821548e+002, 4.47653870e+002, 1.26821548e+002,
    4.47653870e+002, 4.22694885e+002, 1.55941605e+002, 4.97939087e+002,
    2.39107193e+002, 1.03379623e+002, 3.25588409e+002, 5.43037415e+002,
    3.52160431e+002, 3.18863556e+002, 7.10701675e+001, 4.39774933e+002,
    3.44018860e+002, 1.95539276e+002, 9.44026566e+001, 1.46623322e+002,
    4.09734009e+002, 1.56373825e+002, 4.19028198e+002, 1.52317871e+002,
    2.28009529e+001, 2.85404572e+002, 6.06828346e+001, 9.59629974e+001,
    1.94296021e+002, 5.64176086e+002, 1.96389191e+002, 2.96752533e+002,
    1.14467995e+002 ]
