%YAML:1.0
keyPoints_selected: [ 6.03239746e+002, 7.01543198e+001, 5.52737976e+002,
    1.36628677e+002, 2.27886078e+002, 1.81962433e+002, 4.20777771e+002,
    2.80673584e+002, 8.70528946e+001, 3.38112000e+002, 2.57051849e+002,
    3.61100006e+002, 3.35294464e+002, 1.27239136e+002, 2.77643524e+002,
    2.23199249e+002, 2.77643524e+002, 2.23199249e+002, 2.63071106e+002,
    2.31542542e+002, 2.75026062e+002, 2.34976959e+002, 3.34123138e+002,
    4.47049652e+002, 2.39011993e+002, 1.28750107e+002, 2.39011993e+002,
    1.28750107e+002, 2.68590088e+002, 2.12065598e+002, 2.82274933e+002,
    2.13169891e+002, 2.25022263e+002, 2.17486206e+002, 3.72696045e+002,
    2.19373215e+002, 2.10308350e+002, 2.20068695e+002, 3.55890808e+002,
    2.52580078e+002, 5.27783691e+002, 3.52953339e+002, 5.22405128e+001,
    3.83931213e+002, 2.48216995e+002, 1.53917191e+002, 4.58167908e+002,
    1.98618576e+002, 4.58167908e+002, 1.98618576e+002, 3.94222748e+002,
    2.13925034e+002, 3.69998932e+002, 2.28577072e+002, 1.94581436e+002,
    3.45867065e+002, 3.53872833e+002, 2.14610016e+002, 2.63863678e+002,
    1.27233490e+002, 2.36126633e+002, 1.30802933e+002, 2.36126633e+002,
    1.30802933e+002, 2.32425568e+002, 1.45364761e+002, 6.06963135e+002,
    1.62676132e+002, 3.61143250e+002, 2.06770660e+002, 3.35277557e+002,
    2.08035019e+002, 2.10411545e+002, 2.30980469e+002, 1.58537033e+002,
    2.86593201e+002, 1.58537033e+002, 2.86593201e+002, 3.05514862e+002,
    3.05515167e+002, 3.05514862e+002, 3.05515167e+002, 5.49596375e+002,
    3.13000397e+002, 5.61874817e+002, 1.63796860e+002, 3.22660370e+002,
    2.12962387e+002, 2.14137207e+002, 2.15582458e+002, 2.28724121e+002,
    2.23282303e+002, 3.16438324e+002, 2.63298737e+002, 2.38801132e+002,
    1.74289490e+002, 2.22143097e+002, 1.86432861e+002, 2.45642166e+002,
    2.18355789e+002, 3.20388885e+002, 2.30353210e+002, 1.11397797e+002,
    3.10277069e+002, 1.11397797e+002, 3.10277069e+002, 2.50711899e+002,
    1.19683640e+002, 2.43969818e+002, 1.48486816e+002, 2.31310883e+002,
    2.04616318e+002, 2.18158035e+002, 2.61176758e+002, 3.44582062e+001,
    2.37993423e+002, 8.56615372e+001, 2.56605408e+002, 4.13412506e+002,
    2.63014191e+002, 4.24783112e+002, 1.52862396e+002, 5.92400635e+002,
    3.52399811e+002, 5.55557861e+002, 3.94133972e+002, 5.55557861e+002,
    3.94133972e+002, 4.49800415e+002, 2.69888763e+002, 3.55244904e+002,
    2.31452576e+002, 2.79716919e+002, 2.87090759e+002, 2.12728439e+002,
    1.47436920e+002, 2.83992432e+002, 1.90481415e+002, 3.42738220e+002,
    1.26530136e+002, 3.97717651e+002, 2.25050491e+002 ]
