%YAML:1.0
objPoints_selected: [ -3.25314522e+000, 4.09479952e+000,
    -3.92229271e+000, -1.52430534e+000, 5.09700966e+000,
    -1.51312554e+000, 3.99929136e-001, 7.28816700e+000, -1.12369215e+000,
    -2.86297345e+000, 2.39732862e+000, -1.57720959e+000, 4.39834557e-002,
    5.21356106e+000, -9.01040852e-001, -1.39554012e+000, 7.93795168e-001,
    -1.73387003e+000, -4.13739634e+000, 2.65634823e+000,
    -3.73467755e+000, -3.14404798e+000, 3.15753794e+000,
    -1.82619762e+000, 5.61470807e-001, 2.38466144e+000, -1.71658710e-001,
    -6.31204188e-001, 5.55833817e+000, -1.23986709e+000,
    -1.73244327e-001, 1.06573219e+001, -1.96790648e+000, 2.16709748e-001,
    6.38251877e+000, -1.04230309e+000, 1.29814267e+000, 7.44983006e+000,
    -7.71835506e-001, -3.51290107e-001, 2.10742831e-001,
    -1.48516253e-001, -5.63563287e-001, 4.22424459e+000,
    -9.53549981e-001, -1.92405188e+000, 7.14768934e+000,
    -3.26865029e+000, -1.92405188e+000, 7.14768934e+000,
    -3.26865029e+000, 2.94279575e-001, 4.12875414e+000, -5.90204477e-001,
    -3.58746219e+000, 4.41203070e+000, -2.24058008e+000,
    -4.46385336e+000, 2.49254823e+000, -2.25779772e+000,
    -4.54512024e+000, 2.80257487e+000, -2.33946228e+000,
    -4.54512024e+000, 2.80257487e+000, -2.33946228e+000,
    -3.22605133e+000, 2.93868446e+000, -1.82584131e+000,
    -3.12811399e+000, 4.33378363e+000, -3.92171502e+000,
    -1.52317107e+000, 6.60645008e+000, -1.77628744e+000, 1.09170616e+000,
    5.17178249e+000, -4.58564758e-001, -1.82094002e+000, 5.58842325e+000,
    -1.71780860e+000, -1.02461493e+000, 4.51453638e+000,
    -1.19975138e+000, -5.80338717e-001, 4.56472158e+000,
    -1.02525783e+000, -3.52291369e+000, 2.13467813e+000,
    -5.48037577e+000, -1.95549607e+000, 5.07778215e+000,
    -1.69822657e+000, 4.10922718e+000, 8.54193115e+000, 1.85194448e-001,
    -2.73525685e-001, 8.80056667e+000, -1.68041599e+000,
    -5.23156881e-001, 6.56965113e+000, -1.36398149e+000,
    -5.21873593e-001, 5.53695583e+000, -1.17351222e+000, 3.77149506e+001,
    -9.69749212e-001, -6.86150789e+000 ]
