%YAML:1.0
objPoints_cpu: [ 4.26652145e+000, 8.67346287e+000, 2.16694921e-001,
    3.15575004e+000, 9.02393436e+000, -3.10313016e-001, 3.15575004e+000,
    9.02393436e+000, -3.10313016e-001, 3.15575004e+000, 9.02393436e+000,
    -3.10313016e-001, 2.04256248e+000, 6.31573248e+000, -2.65340596e-001,
    2.04256248e+000, 6.31573248e+000, -2.65340596e-001, 2.04256248e+000,
    6.31573248e+000, -2.65340596e-001, 2.04256248e+000, 6.31573248e+000,
    -2.65340596e-001, 2.04256248e+000, 6.31573248e+000, -2.65340596e-001,
    2.04256248e+000, 6.31573248e+000, -2.65340596e-001, 5.94248652e-001,
    1.03204470e+001, -1.59497011e+000, 5.94248652e-001, 1.03204470e+001,
    -1.59497011e+000, 2.70810038e-001, 1.04810457e+001, -1.73884952e+000,
    7.92552292e-001, 6.83896160e+000, -8.69150758e-001, 5.33144288e-002,
    1.07894144e+001, -1.89801240e+000, 4.72188830e-001, 7.12680626e+000,
    -1.07326186e+000, 3.41812973e+001, 2.02946262e+001, -1.53701935e+001,
    -8.88698995e-002, 5.42942095e+000, -9.89884794e-001, 2.81442076e-001,
    2.84390044e+000, -3.74282718e-001, 2.81442076e-001, 2.84390044e+000,
    -3.74282718e-001, -5.22518218e-001, 6.80557775e+000,
    -1.40969276e+000, -1.97345689e-001, 5.21342421e+000,
    -1.00274253e+000, -1.97345689e-001, 5.21342421e+000,
    -1.00274253e+000, -3.57069701e-001, 3.83052540e+000,
    -8.02017152e-001, -5.05318105e-001, 4.13166714e+000,
    -9.23190773e-001, 3.63238258e+001, -8.51758575e+000,
    -9.21477890e+000, -7.78118789e-001, 1.12023735e+000,
    -4.84702200e-001, -1.57499623e+000, 5.58694649e+000,
    -1.63298845e+000, -1.57499623e+000, 5.58694649e+000,
    -1.63298845e+000, -1.57499623e+000, 5.58694649e+000,
    -1.63298845e+000, -1.99488521e+000, 5.13587284e+000,
    -1.70544362e+000, -1.99488521e+000, 5.13587284e+000,
    -1.70544362e+000, -1.97712564e+000, 2.08822393e+000,
    -1.16885662e+000, -1.92799163e+000, 7.36881161e+000,
    -3.02036405e+000, -4.40306807e+000, 3.27769327e+000,
    -2.52178144e+000, -4.60562086e+000, 2.74871516e+000,
    -2.67000604e+000, -2.86847019e+000, 4.48349428e+000,
    -4.27373552e+000, -4.64087343e+000, 2.54380846e+000,
    -2.83067703e+000, -4.05302906e+000, 2.52800012e+000,
    -3.99695849e+000, 3.22768044e+000, 8.65656281e+000, -2.13259771e-001,
    3.22768044e+000, 8.65656281e+000, -2.13259771e-001, 1.04778290e+000,
    1.01641378e+001, -1.36783373e+000, 1.36858368e+000, 7.62936926e+000,
    -7.76794493e-001, 1.03560221e+000, 6.01124334e+000, -6.38476014e-001,
    6.25130534e-001, 6.92867041e+000, -9.52973485e-001, 6.08302832e-001,
    6.46165562e+000, -8.77750337e-001, 4.58092064e-001, 6.67667627e+000,
    -9.94072258e-001, -2.83134073e-001, 8.61496067e+000,
    -1.64462054e+000, -5.35410866e-002, 3.05447340e-001,
    -4.71878499e-002, -9.58424628e-001, 4.90819693e+000,
    -1.24324095e+000, -1.41057205e+000, 5.16041660e+000,
    -1.48886025e+000, -2.40460038e+000, 6.46724558e+000,
    -3.03583908e+000, -2.40460038e+000, 6.46724558e+000,
    -3.03583908e+000, -3.10369110e+000, 4.33340359e+000,
    -3.94104052e+000, -4.68305588e+000, 2.54341960e+000,
    -2.62440395e+000, 4.11388397e+000, 8.52861118e+000, 1.88687831e-001,
    4.11388397e+000, 8.52861118e+000, 1.88687831e-001, 3.83363795e+000,
    8.36242199e+000, 9.96432155e-002, 7.68660605e-001, 1.00018091e+001,
    -1.45079327e+000, -1.70729756e-001, 1.06571779e+001,
    -1.96823335e+000, -6.31277487e-002, 9.29805660e+000,
    -1.66717231e+000, 3.79812539e-001, 6.82706738e+000, -1.05643225e+000,
    3.79812539e-001, 6.82706738e+000, -1.05643225e+000, -1.40646726e-001,
    1.13576183e+001, -2.33434963e+000, 2.16802195e-001, 6.38216686e+000,
    -1.04209328e+000, 4.32167023e-001, 2.03554487e+000, -1.58164084e-001,
    -6.13550134e-002, 4.00746632e+000, -7.12769747e-001,
    -6.13550134e-002, 4.00746632e+000, -7.12769747e-001,
    -3.25241470e+000, 4.09196043e+000, -3.92063165e+000, 4.46357727e+000,
    8.89040565e+000, 2.42513701e-001, 4.10575199e+000, 8.55776787e+000,
    1.77144662e-001, 4.10575199e+000, 8.55776787e+000, 1.77144662e-001,
    -1.46911517e-001, 1.13186922e+001, -2.33978796e+000,
    -5.58078401e-002, 6.55929470e+000, -1.17997003e+000,
    -5.63784599e-001, 4.22481394e+000, -9.54035163e-001,
    -1.47176313e+000, 4.76704359e+000, -1.43931127e+000,
    -1.79034901e+000, 5.59022903e+000, -1.72370291e+000,
    -1.92272520e+000, 7.15114450e+000, -3.26617169e+000,
    -1.92272520e+000, 7.15114450e+000, -3.26617169e+000,
    -1.98192763e+000, 6.95295191e+000, -3.35205197e+000,
    -2.37268209e+000, 6.35499144e+000, -3.23741674e+000,
    -2.37268209e+000, 6.35499144e+000, -3.23741674e+000,
    -4.69807053e+000, 2.66317177e+000, -2.60862708e+000,
    -4.69807053e+000, 2.66317177e+000, -2.60862708e+000,
    -4.05897188e+000, 2.44102669e+000, -4.12465668e+000,
    -1.52000234e-001, 7.64265156e+000, -1.40747464e+000,
    -1.16867222e-001, 4.30471325e+000, -7.91143000e-001,
    -1.02449381e+000, 4.51054668e+000, -1.19925559e+000,
    -2.66382480e+000, 6.21977425e+000, -2.81877542e+000,
    -2.66382480e+000, 6.21977425e+000, -2.81877542e+000,
    -2.23932767e+000, 6.67941713e+000, -3.16749549e+000,
    -4.54345942e+000, 2.80442953e+000, -2.33620501e+000,
    -4.54345942e+000, 2.80442953e+000, -2.33620501e+000,
    -3.52028966e+000, 2.13757014e+000, -5.47522688e+000, 1.57343936e+000,
    7.34732056e+000, -6.53084815e-001, -1.79398537e-001, 1.09801245e+001,
    -2.02327633e+000, 4.00117755e-001, 7.29233980e+000, -1.12357020e+000,
    4.00117755e-001, 7.29233980e+000, -1.12357020e+000, -5.80365241e-001,
    4.56476545e+000, -1.02531445e+000, -1.52586627e+000, 5.09654522e+000,
    -1.51626682e+000, -2.08147717e+000, 5.37842226e+000,
    -1.78746533e+000, -2.12603256e-001, 7.16090727e+000,
    -1.35327888e+000, -2.12603256e-001, 7.16090727e+000,
    -1.35327888e+000, -4.47661495e+000, 2.82964349e+000,
    -2.31340814e+000, -4.08577061e+000, 2.74186373e+000,
    -3.70970011e+000, 1.92034841e+000, 7.84075975e+000, -5.87824523e-001,
    1.92034841e+000, 7.84075975e+000, -5.87824523e-001, -5.52662611e-001,
    7.24231148e+000, -1.49917901e+000, -5.52662611e-001, 7.24231148e+000,
    -1.49917901e+000, 1.09903298e-001, 8.87345409e+000, -1.52561402e+000,
    9.05081749e-001, 6.50002909e+000, -7.62105703e-001, -4.44077700e-001,
    9.75038242e+000, -1.91555369e+000, -2.48619556e+000, 6.50411367e+000,
    -2.85586667e+000, -5.33805609e-001, 5.57031298e+000,
    -1.19463325e+000, -8.54309559e-001, 4.00337267e+000,
    -1.05495787e+000, -3.18328500e+000, 3.18801594e+000,
    -1.84220779e+000, -3.18328500e+000, 3.18801594e+000,
    -1.84220779e+000 ]
