%YAML:1.0
keyPoints_selected: [ 1.77594040e+002, 8.15945816e+001, 1.57172348e+002,
    8.43534851e+001, 2.87181580e+002, 1.34388550e+002, 2.48945618e+002,
    1.01789909e+002, 3.78115875e+002, 1.09046333e+002, 3.54902649e+002,
    1.57909790e+002, 2.65074158e+002, 1.88085449e+002, 2.94328369e+002,
    1.36335861e+002, 4.91869690e+002, 1.36852722e+001, 3.58090698e+002,
    1.71510971e+002, 3.53996460e+002, 1.57671051e+002, 3.24046722e+002,
    1.24586273e+002, 8.19920959e+001, 2.47174942e+002, 2.12544342e+002,
    1.17816544e+002, 2.92370026e+002, 3.07230652e+002, 2.89183929e+002,
    3.33291412e+002, 2.66514954e+002, 1.99485077e+002, 2.86928467e+002,
    1.91172012e+002, 3.20166809e+002, 1.86586334e+002, 2.74317627e+002,
    5.22649422e+001, 3.45986084e+002, 1.69768799e+002, 2.80665253e+002,
    1.19355263e+002, 4.09196960e+002, 2.22601837e+002, 3.00700226e+002,
    1.93278809e+002, 3.00700226e+002, 1.93278809e+002, 1.98092239e+002,
    7.39068680e+001, 2.58493774e+002, 1.43844910e+002, 3.90275330e+002,
    3.11562103e+002, 2.98139160e+002, 3.61665161e+002, 2.89183929e+002,
    3.33291412e+002, 5.37705811e+002, 2.25087128e+002, 3.59461670e+002,
    1.84855026e+002, 2.77713379e+002, 1.25946228e+002, 3.54902649e+002,
    1.57909790e+002, 4.09196960e+002, 2.22601837e+002, 4.11604004e+002,
    3.01780823e+002, 3.15107117e+002, 1.85593872e+002, 6.24678772e+002,
    1.72336731e+002, 3.32600891e+002, 3.59166290e+002, 2.98012085e+002,
    4.82623329e+001 ]
