%YAML:1.0
objPoints_selected: [ 5.94248652e-001, 1.03204470e+001, -1.59497011e+000,
    5.33144288e-002, 1.07894144e+001, -1.89801240e+000, 2.16802195e-001,
    6.38216686e+000, -1.04209328e+000, -4.64087343e+000, 2.54380846e+000,
    -2.83067703e+000, 1.36858368e+000, 7.62936926e+000, -7.76794493e-001,
    -2.83134073e-001, 8.61496067e+000, -1.64462054e+000,
    -1.79034901e+000, 5.59022903e+000, -1.72370291e+000, 1.36858368e+000,
    7.62936926e+000, -7.76794493e-001, -4.54345942e+000, 2.80442953e+000,
    -2.33620501e+000, -6.13550134e-002, 4.00746632e+000,
    -7.12769747e-001, -2.83134073e-001, 8.61496067e+000,
    -1.64462054e+000, -3.10369110e+000, 4.33340359e+000,
    -3.94104052e+000, 1.36858368e+000, 7.62936926e+000, -7.76794493e-001,
    -2.83134073e-001, 8.61496067e+000, -1.64462054e+000,
    -4.54345942e+000, 2.80442953e+000, -2.33620501e+000, 2.70810038e-001,
    1.04810457e+001, -1.73884952e+000, -2.08147717e+000, 5.37842226e+000,
    -1.78746533e+000, -1.52586627e+000, 5.09654522e+000,
    -1.51626682e+000, -1.02449381e+000, 4.51054668e+000,
    -1.19925559e+000, 3.15575004e+000, 9.02393436e+000, -3.10313016e-001,
    -1.16867222e-001, 4.30471325e+000, -7.91143000e-001, 6.25130534e-001,
    6.92867041e+000, -9.52973485e-001, -5.05318105e-001, 4.13166714e+000,
    -9.23190773e-001, -1.02449381e+000, 4.51054668e+000,
    -1.19925559e+000, -1.47176313e+000, 4.76704359e+000,
    -1.43931127e+000, 1.04778290e+000, 1.01641378e+001, -1.36783373e+000,
    -5.22518218e-001, 6.80557775e+000, -1.40969276e+000, 2.81442076e-001,
    2.84390044e+000, -3.74282718e-001, -3.10369110e+000, 4.33340359e+000,
    -3.94104052e+000, 5.94248652e-001, 1.03204470e+001, -1.59497011e+000,
    -4.40306807e+000, 3.27769327e+000, -2.52178144e+000, 1.09903298e-001,
    8.87345409e+000, -1.52561402e+000, 3.79812539e-001, 6.82706738e+000,
    -1.05643225e+000, -4.05302906e+000, 2.52800012e+000,
    -3.99695849e+000, -1.99488521e+000, 5.13587284e+000,
    -1.70544362e+000, -4.40306807e+000, 3.27769327e+000,
    -2.52178144e+000, -5.05318105e-001, 4.13166714e+000,
    -9.23190773e-001, -4.40306807e+000, 3.27769327e+000,
    -2.52178144e+000, -1.41057205e+000, 5.16041660e+000,
    -1.48886025e+000, -5.80365241e-001, 4.56476545e+000,
    -1.02531445e+000 ]
