%YAML:1.0
objPoints_cpu: [ 3.83407450e+000, 8.36210728e+000, 1.00549646e-001,
    3.22659755e+000, 8.65704823e+000, -2.15489715e-001, 3.22659755e+000,
    8.65704823e+000, -2.15489715e-001, 2.09483004e+000, 7.43186998e+000,
    -4.59832996e-001, 7.68650889e-001, 1.00022507e+001, -1.45084059e+000,
    -2.07448423e-001, 1.14054632e+001, -2.15771866e+000,
    -2.07448423e-001, 1.14054632e+001, -2.15771866e+000,
    -1.73244327e-001, 1.06573219e+001, -1.96790648e+000,
    -1.73244327e-001, 1.06573219e+001, -1.96790648e+000,
    -6.33431375e-002, 9.29794121e+000, -1.66760266e+000, 6.15849793e-002,
    8.58477497e+000, -1.49990046e+000, 2.16709748e-001, 6.38251877e+000,
    -1.04230309e+000, 1.06335111e-001, 1.12799759e+001, -2.88513756e+000,
    -1.14421833e+000, 6.91486931e+000, -1.69435239e+000, 4.00731206e-001,
    1.11334982e+001, -3.63492179e+000, -2.07850480e+000, 6.92668772e+000,
    -3.24615836e+000, -4.09920549e+000, 3.90398574e+000,
    -2.49098349e+000, -4.35047770e+000, 3.42837477e+000,
    -2.50041151e+000, -1.56256521e+000, 9.46208298e-001,
    -3.21941710e+000, -3.12811399e+000, 4.33378363e+000,
    -3.92171502e+000, -4.59238768e+000, 2.76220751e+000,
    -2.70186925e+000, -3.25314522e+000, 4.09479952e+000,
    -3.92229271e+000, -4.08958292e+000, 2.55723667e+000,
    -3.94493198e+000, -3.92054749e+000, 2.50026798e+000,
    -4.31927347e+000, 3.66687202e+000, 8.55123997e+000, -1.93569101e-002,
    3.37248874e+000, 9.18266964e+000, -2.39966348e-001, 9.81106579e-001,
    5.78936434e+000, -6.07757568e-001, -5.07684872e-002, 1.13218260e+001,
    -2.55021644e+000, -9.31715146e-002, 6.55503225e+000,
    -1.17961299e+000, 4.31755215e-001, 2.03570390e+000, -1.59010530e-001,
    -6.13036379e-002, 4.00824928e+000, -7.12714434e-001,
    -6.13036379e-002, 4.00824928e+000, -7.12714434e-001,
    -1.33945394e+000, 6.54937458e+000, -1.69355130e+000,
    -1.82094002e+000, 5.58842325e+000, -1.71780860e+000,
    -1.82094002e+000, 5.58842325e+000, -1.71780860e+000,
    -1.71409953e+000, 4.90414429e+000, -1.56820190e+000,
    -1.71409953e+000, 4.90414429e+000, -1.56820190e+000, 3.20290871e+001,
    1.81553173e+001, -1.96079426e+001, -3.81398439e+000, 4.41568756e+000,
    -2.48948383e+000, -4.15244150e+000, 3.72883391e+000,
    -2.51056147e+000, -4.69222307e+000, 2.66686845e+000,
    -2.59698081e+000, -3.50805449e+000, 2.03392792e+000,
    -5.28558254e+000, 3.43391914e+001, 2.05664024e+001, -1.50664825e+001,
    4.31431800e-001, 2.02972436e+000, -1.64654985e-001, 4.31431800e-001,
    2.02972436e+000, -1.64654985e-001, -5.63563287e-001, 4.22424459e+000,
    -9.53549981e-001, -5.63563287e-001, 4.22424459e+000,
    -9.53549981e-001, -1.47178471e+000, 4.77116823e+000,
    -1.43961334e+000, -1.73611593e+000, 5.28590393e+000,
    -1.64247918e+000, -1.95549607e+000, 5.07778215e+000,
    -1.69822657e+000, -1.95549607e+000, 5.07778215e+000,
    -1.69822657e+000, -1.92405188e+000, 7.14768934e+000,
    -3.26865029e+000, -1.92405188e+000, 7.14768934e+000,
    -3.26865029e+000, -2.37270093e+000, 6.34842443e+000,
    -3.23704386e+000, -3.13401890e+000, 1.77212632e+000,
    -4.19676018e+000, -4.05850983e+000, 2.43383265e+000,
    -4.12326765e+000, 4.21053123e+000, 8.59291744e+000, 1.99240729e-001,
    4.27554846e-001, 6.04410219e+000, -8.91978085e-001, 2.94279575e-001,
    4.12875414e+000, -5.90204477e-001, -6.75422132e-001, 7.65919018e+000,
    -1.62787831e+000, -2.53650099e-001, 4.76987267e+000,
    -9.38764215e-001, -1.02461493e+000, 4.51453638e+000,
    -1.19975138e+000, -1.02461493e+000, 4.51453638e+000,
    -1.19975138e+000, -2.35855937e+000, 6.78639317e+000,
    -2.78629160e+000, -2.35855937e+000, 6.78639317e+000,
    -2.78629160e+000, -4.49089813e+000, 2.50673199e+000,
    -2.25789833e+000, 3.71856689e+000, 8.91173172e+000, -6.03730269e-002,
    3.83152962e+000, 7.99610853e+000, 1.46427855e-001, -5.21581531e-001,
    1.04419966e+001, -2.06933403e+000, -2.73525685e-001, 8.80056667e+000,
    -1.68041599e+000, -6.66253388e-001, 7.60586834e+000,
    -1.61112356e+000, -1.21042550e-001, 4.30326653e+000,
    -7.99533486e-001, -5.80338717e-001, 4.56472158e+000,
    -1.02525783e+000, -1.09472477e+000, 4.87611485e+000,
    -1.30475879e+000, -1.52430534e+000, 5.09700966e+000,
    -1.51312554e+000, -2.32777476e+000, 6.84777021e+000,
    -2.80567360e+000, -2.63892388e+000, 6.22765446e+000,
    -2.84099054e+000, -4.46385336e+000, 2.49254823e+000,
    -2.25779772e+000, -4.54512024e+000, 2.80257487e+000,
    -2.33946228e+000, -4.54512024e+000, 2.80257487e+000,
    -2.33946228e+000, 3.99929136e-001, 7.28816700e+000, -1.12369215e+000,
    3.99929136e-001, 7.28816700e+000, -1.12369215e+000, -2.05344915e-001,
    7.15909719e+000, -1.33842218e+000, -2.05344915e-001, 7.15909719e+000,
    -1.33842218e+000, 2.08319072e-002, 1.11724997e+001, -2.79213357e+000,
    -2.08122206e+000, 5.37991381e+000, -1.78704047e+000,
    -1.85396969e+000, 6.97126675e+000, -3.61627197e+000, 1.29814267e+000,
    7.44983006e+000, -7.71835506e-001, 5.90817273e-001, 7.85306740e+000,
    -1.15637624e+000, 1.95925820e+000, 7.84216833e+000, -5.95079362e-001,
    -8.76350328e-002, 1.10168676e+001, -1.99363291e+000,
    -5.65416038e-001, 7.24961376e+000, -1.52030635e+000, 2.06990503e-002,
    1.98160815e+000, -3.13205421e-001, -1.37964770e-001, 5.02975643e-001,
    -1.25916466e-001, -3.79658967e-001, 1.12660217e+000,
    -3.27670962e-001, 1.04114819e+000, 5.14920235e+000, -4.78925824e-001,
    1.04114819e+000, 5.14920235e+000, -4.78925824e-001, 1.10331684e-001,
    8.87226391e+000, -1.52466941e+000, 1.14951402e-001, 1.08393555e+001,
    -3.38100576e+000, 6.58980191e-001, 1.04918365e+001, -4.80656910e+000,
    -2.85721564e+000, 1.62077916e+000, -3.98152542e+000,
    -3.46790195e+000, 2.59653497e+000, -5.08557940e+000, 8.86544645e-001,
    6.51821661e+000, -7.95197845e-001, 8.86544645e-001, 6.51821661e+000,
    -7.95197845e-001, 8.86544645e-001, 6.51821661e+000, -7.95197845e-001,
    -2.50430536e+000, 6.50111580e+000, -2.82341456e+000,
    -5.62275887e-001, 3.65542436e+000, -8.67332339e-001,
    -4.89968359e-001, 5.53851604e+000, -1.18246973e+000, 3.47758904e+001,
    -9.93584633e+000, -1.22702379e+001, -9.22766626e-001,
    3.94682074e+000, -1.05773246e+000, 3.15257149e+001, -9.59959602e+000,
    -1.88931618e+001, -2.06535769e+000, 2.37861347e+000,
    -1.24925900e+000, 2.88081493e+001, 9.31122684e+000, -2.55968590e+001,
    -2.16079760e+000, 4.85824442e+000, -1.73028386e+000,
    -2.16079760e+000, 4.85824442e+000, -1.73028386e+000 ]
