%YAML:1.0
keyPoints_selected: [ 3.51105682e+002, 2.05220093e+002, 5.22800232e+002,
    2.82397518e+001, 3.49901978e+002, 2.86961823e+002, 4.92942871e+002,
    4.00983124e+002, 2.24883148e+002, 9.26946945e+001, 1.08273155e+002,
    1.85015274e+002, 7.84467926e+001, 3.88967712e+002, 5.54972038e+001,
    4.02702972e+002, 5.54972038e+001, 4.02702972e+002, 3.77954407e+002,
    4.58769501e+002, 4.93387756e+002, 4.67600586e+002, 5.73621445e+001,
    2.21531616e+002, 2.19678284e+002, 3.57236267e+002, 2.15044022e+002,
    9.83608475e+001, 3.20579498e+002, 1.71453644e+002, 4.12021393e+002,
    2.03834274e+002, 4.12021393e+002, 2.03834274e+002, 1.29736832e+002,
    2.14755951e+002, 2.09161850e+002, 3.50542816e+002, 2.17780289e+002,
    8.52798615e+001, 2.17780289e+002, 8.52798615e+001, 5.24210632e+002,
    1.80600449e+002, 5.24210632e+002, 1.80600449e+002, 3.04130829e+002,
    1.90602097e+002, 2.72187653e+002, 2.10157059e+002, 3.62867012e+001,
    2.50105698e+002, 2.60089844e+002, 2.60668762e+002, 3.62529663e+002,
    2.64442719e+002, 3.53235352e+002, 2.75935638e+002, 3.53235352e+002,
    2.75935638e+002, 3.11169952e+002, 2.80577789e+002, 1.99770844e+002,
    9.81704941e+001, 3.98161224e+002, 2.24004166e+002, 3.79591064e+002,
    2.43832382e+002, 3.30155457e+002, 2.77770325e+002, 3.41944275e+002,
    2.87469177e+002, 2.22074356e+002, 3.41366119e+002, 2.56350616e+002,
    3.57941986e+002, 1.21800713e+002, 3.61419189e+002, 3.68400421e+002,
    2.13360168e+002, 3.77722412e+002, 2.26485794e+002, 6.20463219e+001,
    2.34489410e+002, 2.07979401e+002, 2.35990433e+002, 3.58435425e+002,
    2.48606018e+002, 2.13114624e+002, 1.88779602e+002, 2.36897324e+002,
    1.95449097e+002, 2.36897324e+002, 1.95449097e+002, 2.38617844e+002,
    2.16127274e+002, 2.38617844e+002, 2.16127274e+002, 3.42701294e+002,
    2.67525177e+002, 5.18936157e+002, 4.34326691e+002, 2.39937363e+002,
    1.64486038e+002, 4.05005684e+001, 2.20346222e+002, 3.22161743e+002,
    2.92278870e+002, 2.25618500e+002, 1.46847290e+002, 5.27161011e+002,
    1.94589432e+002, 5.85365784e+002, 2.09752853e+002, 1.51588181e+002,
    2.09746536e+002, 2.81361328e+002, 1.79165787e+002, 2.81361328e+002,
    1.79165787e+002, 2.45230591e+002, 3.50422089e+002, 4.30016815e+002,
    2.24893539e+002, 3.21971649e+002, 2.30383163e+002, 3.98608948e+002,
    2.55840668e+002, 9.06306610e+001, 1.00334877e+002, 2.12026703e+002,
    2.15292892e+002 ]
