%YAML:1.0
imgpoints3: [ 4.12021393e+002, 2.03834274e+002, 4.12021393e+002,
    2.03834274e+002, 2.60089844e+002, 2.60668762e+002, 3.11169952e+002,
    2.80577789e+002, 3.98161224e+002, 2.24004166e+002, 3.79591064e+002,
    2.43832382e+002, 3.30155457e+002, 2.77770325e+002, 3.68400421e+002,
    2.13360168e+002, 3.77722412e+002, 2.26485794e+002, 2.07979401e+002,
    2.35990433e+002, 3.58435425e+002, 2.48606018e+002, 3.42701294e+002,
    2.67525177e+002, 4.30016815e+002, 2.24893539e+002 ]
objpoints3: [ -6.13036379e-002, 4.00824928e+000, -7.12714434e-001,
    -6.13036379e-002, 4.00824928e+000, -7.12714434e-001,
    -1.33945394e+000, 6.54937458e+000, -1.69355130e+000,
    -1.82094002e+000, 5.58842325e+000, -1.71780860e+000,
    -5.63563287e-001, 4.22424459e+000, -9.53549981e-001,
    -1.02461493e+000, 4.51453638e+000, -1.19975138e+000,
    -1.73611593e+000, 5.28590393e+000, -1.64247918e+000,
    -2.53650099e-001, 4.76987267e+000, -9.38764215e-001,
    -5.80338717e-001, 4.56472158e+000, -1.02525783e+000,
    -6.66253388e-001, 7.60586834e+000, -1.61112356e+000,
    -1.09472477e+000, 4.87611485e+000, -1.30475879e+000,
    -1.52430534e+000, 5.09700966e+000, -1.51312554e+000,
    -5.62275887e-001, 3.65542436e+000, -8.67332339e-001 ]
