%YAML:1.0
imgpoints1: [ 2.24883148e+002, 9.26946945e+001, 1.08273155e+002,
    1.85015274e+002, 5.73621445e+001, 2.21531616e+002, 2.15044022e+002,
    9.83608475e+001, 3.20579498e+002, 1.71453644e+002, 4.12021393e+002,
    2.03834274e+002, 4.12021393e+002, 2.03834274e+002, 1.29736832e+002,
    2.14755951e+002, 2.17780289e+002, 8.52798615e+001, 5.24210632e+002,
    1.80600449e+002, 5.24210632e+002, 1.80600449e+002, 3.04130829e+002,
    1.90602097e+002, 2.72187653e+002, 2.10157059e+002, 2.60089844e+002,
    2.60668762e+002, 3.53235352e+002, 2.75935638e+002, 3.53235352e+002,
    2.75935638e+002, 3.11169952e+002, 2.80577789e+002, 1.99770844e+002,
    9.81704941e+001, 3.98161224e+002, 2.24004166e+002, 3.79591064e+002,
    2.43832382e+002, 3.30155457e+002, 2.77770325e+002, 3.41944275e+002,
    2.87469177e+002, 3.68400421e+002, 2.13360168e+002, 3.77722412e+002,
    2.26485794e+002, 2.07979401e+002, 2.35990433e+002, 3.58435425e+002,
    2.48606018e+002, 2.13114624e+002, 1.88779602e+002, 2.36897324e+002,
    1.95449097e+002, 2.36897324e+002, 1.95449097e+002, 2.38617844e+002,
    2.16127274e+002, 2.38617844e+002, 2.16127274e+002, 3.42701294e+002,
    2.67525177e+002, 5.18936157e+002, 4.34326691e+002, 2.39937363e+002,
    1.64486038e+002, 4.05005684e+001, 2.20346222e+002, 3.22161743e+002,
    2.92278870e+002, 2.25618500e+002, 1.46847290e+002, 5.27161011e+002,
    1.94589432e+002, 5.85365784e+002, 2.09752853e+002, 1.51588181e+002,
    2.09746536e+002, 2.81361328e+002, 1.79165787e+002, 2.81361328e+002,
    1.79165787e+002, 4.30016815e+002, 2.24893539e+002 ]
objpoints1: [ 3.83407450e+000, 8.36210728e+000, 1.00549646e-001,
    7.68650889e-001, 1.00022507e+001, -1.45084059e+000, -1.73244327e-001,
    1.06573219e+001, -1.96790648e+000, 3.66687202e+000, 8.55123997e+000,
    -1.93569101e-002, 9.81106579e-001, 5.78936434e+000, -6.07757568e-001,
    -6.13036379e-002, 4.00824928e+000, -7.12714434e-001,
    -6.13036379e-002, 4.00824928e+000, -7.12714434e-001,
    -6.33431375e-002, 9.29794121e+000, -1.66760266e+000, 4.21053123e+000,
    8.59291744e+000, 1.99240729e-001, 4.31431800e-001, 2.02972436e+000,
    -1.64654985e-001, 4.31431800e-001, 2.02972436e+000, -1.64654985e-001,
    4.27554846e-001, 6.04410219e+000, -8.91978085e-001, -9.31715146e-002,
    6.55503225e+000, -1.17961299e+000, -1.33945394e+000, 6.54937458e+000,
    -1.69355130e+000, -1.71409953e+000, 4.90414429e+000,
    -1.56820190e+000, -1.71409953e+000, 4.90414429e+000,
    -1.56820190e+000, -1.82094002e+000, 5.58842325e+000,
    -1.71780860e+000, 3.71856689e+000, 8.91173172e+000, -6.03730269e-002,
    -5.63563287e-001, 4.22424459e+000, -9.53549981e-001,
    -1.02461493e+000, 4.51453638e+000, -1.19975138e+000,
    -1.73611593e+000, 5.28590393e+000, -1.64247918e+000,
    -1.95549607e+000, 5.07778215e+000, -1.69822657e+000,
    -2.53650099e-001, 4.76987267e+000, -9.38764215e-001,
    -5.80338717e-001, 4.56472158e+000, -1.02525783e+000,
    -6.66253388e-001, 7.60586834e+000, -1.61112356e+000,
    -1.09472477e+000, 4.87611485e+000, -1.30475879e+000, 5.90817273e-001,
    7.85306740e+000, -1.15637624e+000, 3.99929136e-001, 7.28816700e+000,
    -1.12369215e+000, 3.99929136e-001, 7.28816700e+000, -1.12369215e+000,
    -2.05344915e-001, 7.15909719e+000, -1.33842218e+000,
    -2.05344915e-001, 7.15909719e+000, -1.33842218e+000,
    -1.52430534e+000, 5.09700966e+000, -1.51312554e+000,
    -4.46385336e+000, 2.49254823e+000, -2.25779772e+000, 1.29814267e+000,
    7.44983006e+000, -7.71835506e-001, -8.76350328e-002, 1.10168676e+001,
    -1.99363291e+000, -2.08122206e+000, 5.37991381e+000,
    -1.78704047e+000, 1.95925820e+000, 7.84216833e+000, -5.95079362e-001,
    2.06990503e-002, 1.98160815e+000, -3.13205421e-001, -3.79658967e-001,
    1.12660217e+000, -3.27670962e-001, 1.10331684e-001, 8.87226391e+000,
    -1.52466941e+000, 8.86544645e-001, 6.51821661e+000, -7.95197845e-001,
    8.86544645e-001, 6.51821661e+000, -7.95197845e-001, -5.62275887e-001,
    3.65542436e+000, -8.67332339e-001 ]
