%YAML:1.0
keyPoints_selected: [ 3.06967010e+002, 4.01845589e+001, 1.52994583e+002,
    2.88179108e+002, 4.82556152e+002, 1.59092926e+002, 4.19350586e+002,
    1.90856766e+002, 2.90257446e+002, 1.86658966e+002, 2.90257446e+002,
    1.86658966e+002, 2.69734894e+002, 2.67834534e+002, 2.72301025e+002,
    1.91918228e+002, 3.20388428e+002, 2.64872650e+002, 5.65604065e+002,
    1.33185211e+002, 3.18994965e+002, 2.45283661e+002, 3.20591827e+002,
    3.57833405e+001, 4.51320557e+002, 7.61253967e+001, 1.59999878e+002,
    8.19588242e+001, 3.15334473e+002, 2.03315872e+002, 4.51467285e+002,
    1.27804024e+002, 6.83665924e+001, 1.51027649e+002, 3.25710022e+002,
    2.13681412e+002, 1.51371887e+002, 7.93165054e+001, 8.55730591e+001,
    1.82975052e+002, 3.27128784e+002, 2.34110291e+002, 2.21506607e+002,
    2.22457169e+002, 2.24597855e+002, 2.14175415e+002, 4.52182312e+002,
    1.28400803e+002, 1.95549713e+002, 1.49592194e+002, 3.01295593e+002,
    1.66964951e+002, 2.10079742e+002, 2.08776047e+002, 2.45325226e+002,
    5.89023361e+001, 2.83664825e+002, 2.23706497e+002, 6.24118958e+002,
    1.90061478e+002, 4.48063324e+002, 2.42519791e+002, 7.15190201e+001,
    1.79518723e+002, 4.61076721e+002, 1.86786621e+002, 6.25228638e+002,
    1.86063431e+002, 3.23269226e+002, 2.17495880e+002, 1.07730576e+002,
    4.45102844e+001, 1.82269257e+002, 2.81455658e+002, 3.28645050e+002,
    2.09467087e+002, 3.08576202e+002, 2.61495148e+002, 1.72809204e+002,
    1.93428101e+002 ]
