%YAML:1.0
objPoints_selected: [ 3.41812973e+001, 2.02946262e+001, -1.53701935e+001,
    4.32167023e-001, 2.03554487e+000, -1.58164084e-001, -5.80365241e-001,
    4.56476545e+000, -1.02531445e+000, -1.97712564e+000, 2.08822393e+000,
    -1.16885662e+000, 2.04256248e+000, 6.31573248e+000, -2.65340596e-001,
    2.04256248e+000, 6.31573248e+000, -2.65340596e-001, -3.25241470e+000,
    4.09196043e+000, -3.92063165e+000, -4.40306807e+000, 3.27769327e+000,
    -2.52178144e+000, -2.08147717e+000, 5.37842226e+000,
    -1.78746533e+000, 2.81442076e-001, 2.84390044e+000, -3.74282718e-001,
    -1.52586627e+000, 5.09654522e+000, -1.51626682e+000,
    -4.54345942e+000, 2.80442953e+000, -2.33620501e+000,
    -7.78118789e-001, 1.12023735e+000, -4.84702200e-001,
    -1.41057205e+000, 5.16041660e+000, -1.48886025e+000,
    -5.80365241e-001, 4.56476545e+000, -1.02531445e+000,
    -2.83134073e-001, 8.61496067e+000, -1.64462054e+000, 4.46357727e+000,
    8.89040565e+000, 2.42513701e-001, -1.02449381e+000, 4.51054668e+000,
    -1.19925559e+000, 2.04256248e+000, 6.31573248e+000, -2.65340596e-001,
    4.46357727e+000, 8.89040565e+000, 2.42513701e-001, -1.47176313e+000,
    4.76704359e+000, -1.43931127e+000, 3.79812539e-001, 6.82706738e+000,
    -1.05643225e+000, 4.58092064e-001, 6.67667627e+000, -9.94072258e-001,
    -2.83134073e-001, 8.61496067e+000, -1.64462054e+000, 2.04256248e+000,
    6.31573248e+000, -2.65340596e-001, -4.60562086e+000, 2.74871516e+000,
    -2.67000604e+000, 7.92552292e-001, 6.83896160e+000, -8.69150758e-001,
    1.04778290e+000, 1.01641378e+001, -1.36783373e+000, -5.33805609e-001,
    5.57031298e+000, -1.19463325e+000, 1.36858368e+000, 7.62936926e+000,
    -7.76794493e-001, -2.08147717e+000, 5.37842226e+000,
    -1.78746533e+000, 3.15575004e+000, 9.02393436e+000, -3.10313016e-001,
    1.36858368e+000, 7.62936926e+000, -7.76794493e-001, 1.36858368e+000,
    7.62936926e+000, -7.76794493e-001, -1.99488521e+000, 5.13587284e+000,
    -1.70544362e+000, -3.52028966e+000, 2.13757014e+000,
    -5.47522688e+000, -4.60562086e+000, 2.74871516e+000,
    -2.67000604e+000, -5.05318105e-001, 4.13166714e+000,
    -9.23190773e-001, -1.79034901e+000, 5.59022903e+000,
    -1.72370291e+000, 1.57343936e+000, 7.34732056e+000, -6.53084815e-001 ]
